0 2.33083
0 2.98844
0 3.10142
0 3.04378
0 3.03466
0 2.86758
0 3.0007
0 2.96069
0 3.11992
0 3.00234
0 2.9498
0 2.89976
0 3.02374
0 3.36904
0 3.29511
0 3.1564
0 3.04461
0 2.96474
0 2.85129
0 2.90358
0 2.78059
0 2.87263
0 3.31973
0 2.84579
0 2.72133
0 2.81081
0 2.81767
0 2.88739
0 2.94556
0 2.92726
0 2.89913
0 2.84351
0 3.05602
0 3.14955
0 2.93486
0 3.08457
0 3.05215
0 3.05814
0 3.19794
0 2.97816
0 3.02455
0 3.22836
0 3.23105
0 2.88941
0 2.71842
0 2.91277
0 2.95404
0 3.04393
0 2.98148
0 2.96037
2 1.98485
2 2.05739
2 1.79815
0 1.85361
2 2.00331
0 2.09339
2 1.94883
0 1.67103
2 2.06069
0 1.80299
0 2.13689
0 2.35272
0 2.07894
2 2.07371
0 1.60702
2 2.12728
0 2.14897
0 1.92534
2 2.31391
0 1.84336
2 2.00823
0 1.87634
2 1.96668
2 2.16155
0 2.1797
2 2.12706
2 1.90395
2 1.6853
0 2.1091
0 1.62618
0 2.05462
0 1.98291
0 2.0534
2 1.91874
0 2.09851
2 2.18267
2 1.89813
0 2.26222
0 1.91034
0 2.01106
0 2.22985
2 2.11815
0 1.84933
0 1.89753
0 2.31053
0 2.02712
0 2.038
0 2.19707
0 1.67738
0 2.27737
2 1.74858
2 1.96297
2 1.5735
2 1.61389
2 1.55135
2 2.06633
0 2.33994
2 1.81189
2 1.66059
2 1.83426
2 1.63236
2 1.6446
2 1.50216
2 2.10172
2 1.98247
2 1.62431
2 1.55158
1 2.29683
1 2.32354
2 2.15861
2 1.5438
2 2.12784
1 2.19025
2 1.83046
2 1.52415
2 1.64767
2 1.88482
2 1.85637
2 1.5826
2 1.65241
2 1.76352
1 2.26578
2 1.59606
2 1.8005
2 1.88374
2 1.91698
2 1.67837
2 1.57596
2 1.94421
2 1.5237
2 1.5501
2 1.63163
2 1.96199
2 1.56517
2 1.60711
2 1.59342
2 1.83296
2 1.59321
2 1.70441
2 1.87607
