600758
002190
603365
002421
600313
000939
600197
002698
002558
600515
603848
603515
002628
002246
000571
600279
600985
002395
002521
002816
600711
600330
002530
601555
601933
002898
600280
600756
603121
002503
000723
603879
600118
603939
002244
603386
002330
603613
600075
601066
000554
002134
603308
601038
603819
002741
600538
002319
000980
000049
603970
600251
002250
603161
002883
002261
002123
002471
600242
600353
002785
600480
603828
600286
002694
002833
603338
002737
600400
603663
002864
002589
600195
000017
600009
603629
002734
002234
002382
002897
002036
000830
600206
600426
000848
000976
002596
000807
600201
601098
002255
000685
601611
600817
600351
002214
038011
000062
002732
601333
600108
601700
000608
002254
002016
600288
000678
603757
600780
002532
002792
603297
600173
600007
000021
002321
002432
000592
600105
601618
000420
002870
601799
002333
600568
600490
600657
603777
000551
600020
000421
002893
000631
002510
600119
000598
603520
002706
600917
601288
002797
603616
600829
600308
600087
600463
603789
002230
002788
601101
600875
000989
002464
600834
600684
000748
000712
600580
603421
600616
603458
603519
000977
002058
002092
000018
603317
000869
002080
002195
002917
603776
000881
002689
600212
600219
000885
002281
600449
603169
000009
002640
000591
002339
600177
600798
603177
002155
603665
600239
600216
600793
603700
002341
603229
000426
600850
600025
002597
600489
603022
600452
000877
002089
000409
603117
002412
600881
600479
601127
002243
002443
603555
688388
002556
603001
603093
601900
002730
002813
603787
603678
002933
603611
603839
002817
002549
000962
600619
600627
603833
600821
603105
603078
600521
002642
600609
600529
603127
002247
601518
600146
600410
000611
000915
600862
002630
600189
002327
002335
600743
002350
002601
000930
002611
600001
600550
000610
002357
000576
601168
000615
000952
000418
603258
000623
002396
603778
002935
000528
002571
603688
600181
600691
002913
603660
603818
002486
600021
603003
603123
600165
600685
000578
600006
600761
603040
600237
600747
600768
002729
603997
688321
603655
601162
000908
002953
600091
000606
002095
601718
002891
600385
600736
002323
603027
601588
002156
603707
000626
002194
600226
600390
002374
002451
603803
002478
000810
002121
601179
002612
002639
002641
600236
002621
600260
600723
600980
000594
600359
002459
002812
603628
688012
000543
002342
002581
603288
002570
002435
601880
601600
600704
002175
600037
600991
600978
002112
600678
600752
002218
000912
603530
000089
002145
002334
600272
002269
002198
002411
002738
000029
002749
600535
603706
603305
688001
000058
600718
002606
600760
603609
002504
603283
002585
002561
002105
002717
002925
600312
603877
002179
000732
002282
603878
600516
000005
000676
000542
600725
000702
002409
000689
603380
002119
600621
603208
600005
002101
002531
000590
000156
002742
600250
002001
002520
601008
603871
002899
002753
600475
600166
601798
000099
603843
000736
000860
603015
600690
600127
603693
603559
600676
600763
000715
603558
603919
000825
000839
600566
002354
002292
002450
603595
002638
600849
600029
000405
000616
002643
002204
601929
000662
600859
600988
601231
603989
000695
002609
000738
600596
603189
600238
002012
000516
601369
603429
603025
002268
601166
002866
600790
002657
002887
600575
603711
000415
601608
000301
600055
000562
002928
600520
600171
002073
002265
603729
000831
603999
600311
002081
002757
002343
600028
600770
002402
600975
000965
601228
601615
600030
002295
002679
600728
603156
000725
002148
002941
000033
601990
002475
600891
002205
002398
601268
000937
002031
002183
600261
603315
002010
002415
603023
002122
600629
000716
600148
000523
002505
600180
002185
600721
000800
600746
002021
002820
603712
000797
603626
600936
603528
002439
600791
603708
002835
600125
002314
002598
601218
603220
603817
000753
603081
002336
600033
600536
000055
600734
600773
002212
601800
603328
002456
600057
600701
603302
000502
002955
600751
002680
600168
000793
002270
002437
000899
000037
002769
603958
600656
603533
002084
000882
000958
000769
000619
603332
603586
002655
601000
002651
002500
002507
603203
002830
000006
002869
600724
002586
603868
603982
002518
002287
002610
600220
600977
000597
600531
600460
603416
002128
002291
000621
600879
601336
600686
600172
688168
002407
603825
603557
600527
002324
601958
002654
603165
600784
600903
000859
600605
600794
600496
600523
002849
600591
603998
600688
603359
000150
002938
600571
600683
603002
603897
002848
603598
002127
600695
600854
600078
600382
600478
000822
600632
002005
603993
600380
601766
603967
002888
002376
002063
600804
002441
600207
600675
601997
600159
002559
000014
002074
002469
600783
002430
002861
600328
603336
600551
603186
000710
600592
603010
002472
603345
002676
600053
603738
601236
002107
000766
600833
002019
603717
002404
603733
600405
002059
603086
002731
600446
603103
603669
603369
000765
603983
600208
600422
600539
600706
600795
600876
600816
600139
000719
603016
603683
600137
002552
601899
601360
002035
000158
002359
600714
002903
002501
002577
002603
600065
002791
002452
000558
002394
002771
603890
002476
600072
002051
002296
002637
603300
603393
603108
002664
600175
000609
603900
002752
600456
002910
601326
603909
002567
603035
600023
603045
600888
002876
002110
002184
002926
603160
600203
002958
600622
600228
603020
002377
000670
000060
002416
002426
002950
000070
601616
000031
000032
002626
002502
600397
603012
600138
603912
603823
600898
600827
600408
000660
000829
002499
600939
603773
002284
002312
603882
600295
002855
002526
002259
002766
600429
603716
600963
002858
002823
600325
603677
603486
600421
603709
600107
603637
002288
600767
600810
002482
600073
002525
000898
600599
600719
002363
600710
603535
000973
002966
603259
000919
002048
603083
002872
000408
000002
600370
002608
600716
002449
600112
603303
600038
603656
002554
000513
600643
601633
603398
002133
601186
002829
603580
600722
000501
002755
601226
000688
600837
002613
600136
603899
601801
603855
600247
600648
603348
600702
002297
002017
002523
002573
600110
002431
600100
002040
600281
603466
000677
600995
688099
000096
002086
601919
600366
603798
600501
600292
600776
603799
002203
002298
000498
603811
600054
002700
002271
603648
000416
002885
601299
000568
600687
002066
000682
603880
000638
600074
000419
603933
002216
002479
002541
600562
603701
002262
600283
002892
600027
600466
000618
002241
002260
600141
600926
600428
000809
000933
600808
600866
603017
600031
601229
000557
603056
600777
603323
600306
000779
002709
600517
000739
002294
600672
600838
600161
600486
601016
600895
000922
600211
002901
002139
002180
002712
600979
600802
603605
002565
002911
600352
600865
600088
600059
002765
603286
002522
000708
603956
603810
002252
002843
603021
603697
000056
600579
603638
000751
000918
600646
002370
002200
002582
600036
603357
002108
601339
002356
603322
603979
600122
600755
002644
002444
002774
600493
600720
603585
002572
600663
600153
600694
600713
600285
600843
002779
600738
600291
000656
002113
000061
600715
600066
600333
600604
600268
000788
002068
002961
000088
000036
002014
600553
601318
600511
601107
688016
002806
601238
002022
603126
002015
002023
000990
603599
002658
603826
000887
600870
002594
600082
000524
002419
600803
600836
002563
002656
600884
000536
600530
603976
603038
600135
000540
688018
603196
601100
600851
002879
600319
002315
600712
000729
601500
601258
002332
603320
603518
002151
002578
000023
603096
000955
002167
601388
600967
000004
000008
002867
600155
002746
600163
002044
002130
038015
002506
000559
000921
002093
600287
002782
601208
601216
000717
002602
002132
603318
000925
601398
603279
601028
603168
600577
603737
600425
600771
600525
601566
000429
002141
002627
603029
002962
601860
002055
002100
002761
603903
002124
600381
600018
603815
000078
600064
002674
000883
601020
600365
601069
000835
000950
002414
000509
002083
001872
603031
600157
600011
600742
002890
600765
600555
002727
002088
002568
000906
600727
000905
600528
603966
002617
603606
601991
603917
031005
600996
601628
600989
000683
000617
000932
002895
002493
603926
601818
000720
000786
603306
000601
002166
002433
002109
002219
002775
600233
603996
000650
603788
600169
600241
002276
002397
002455
600846
600310
600003
002909
601212
603980
600597
002484
002682
600546
600063
000895
688008
000003
600670
002264
002047
000901
600367
603927
000876
002118
002054
601003
603721
002097
000758
002153
002349
002663
600246
000518
600329
002192
000613
002574
600965
600623
002881
600299
603378
600745
002781
603630
002666
600383
600256
000801
002418
002434
002614
002103
000653
002223
600016
601595
600300
002165
603536
000539
600959
600396
601901
600182
002003
600533
600655
000007
002325
002115
000703
603158
600015
601375
002428
601001
002346
002860
601006
002283
600156
600717
002202
600901
002483
000880
603808
600966
002473
002400
601992
600733
600526
600811
603077
603356
002369
002807
000838
600095
002236
002131
600894
600090
601811
000605
002801
600983
000402
000929
603579
600435
601727
000599
000671
603368
000956
002379
002620
002688
601975
002458
002686
000629
000699
002461
601158
002470
600613
000630
600129
688002
600083
000063
002509
603915
002703
002181
000785
002135
603157
603076
000519
002427
600198
603755
603198
002305
603667
600814
601319
600217
002373
002690
603889
000030
000596
601118
000728
600109
000024
603099
002719
600305
000026
603006
002942
000996
603801
002607
603790
002460
600470
600358
600664
600828
000827
002539
002918
603113
002174
603816
603639
600297
601949
603000
600378
600560
000042
000686
600705
600982
600265
600019
600772
600052
002660
600106
601126
603192
601222
603988
002229
000155
002798
600682
600188
600636
600640
600388
603859
002592
600336
002245
600103
000833
000902
002152
002442
600635
600730
600872
000985
002316
603888
000997
600753
600476
002495
600406
002960
601838
002116
600970
002564
002616
600637
002778
002673
002916
600586
600692
603601
603685
603187
000510
600077
000805
600626
002540
000633
000555
000792
002905
600183
600532
603501
002725
600111
002566
000693
600671
000430
002070
000669
002723
002735
600871
002422
002045
601601
603507
603067
600269
603718
002513
000517
603058
600835
603060
002803
603686
000926
603659
603786
002763
601068
002006
002104
000967
601313
600113
000718
688188
603886
600674
600987
603895
601139
002659
002875
002756
002678
600726
000553
603658
000823
002098
600788
600361
002667
002672
603698
600230
000525
000978
002949
603133
601881
601989
603612
600601
600270
600731
002646
000680
002865
002873
002584
603809
002777
000607
002494
603863
002947
600680
600639
603197
600812
002447
002862
600819
600654
600012
000069
600681
603055
600585
000151
600102
002026
601577
002163
600401
603959
000733
603388
000731
603986
000963
600395
000828
002952
603007
603236
002087
600874
002102
002562
002720
002453
002042
002410
603578
603987
002057
002533
002196
600348
600455
000013
002389
603223
002189
000508
000760
600740
600469
002171
601330
000893
601137
002670
603377
688011
002197
600774
002800
002320
002094
600436
601015
600815
603861
600877
600149
600179
000515
002583
000777
000721
000422
601515
600186
002392
000025
000665
000504
000812
603603
000546
002085
601828
000011
600225
000544
600806
600508
688028
601225
000569
000987
603396
601717
002436
601939
601002
603129
688019
002819
002072
002091
002114
002701
002401
002492
600612
002150
603505
600162
600338
600482
600576
600548
600303
000066
603080
000735
002164
002652
600000
600185
002529
601888
002353
600234
002711
002745
600809
002387
603329
000737
002480
002759
002393
600741
000565
000583
002923
000400
601163
600022
603713
600778
603111
000713
600415
002345
002052
600782
600485
600754
000548
603226
601188
603687
000730
000752
600547
603883
002783
600416
000818
002160
600823
600885
000970
002512
688015
600202
600559
600976
601128
603726
000787
002846
603725
002300
603266
600192
603159
600086
601012
603928
000705
600315
600290
600660
600737
600883
603978
000789
002060
601005
603813
002372
603090
603739
000425
002275
603860
000691
603876
000701
000966
000913
603026
000920
600659
600444
688010
000047
603180
601677
000603
000697
600423
000750
688006
000700
000821
688066
000585
002215
002536
002707
601106
002326
000537
600845
603138
002841
000412
600232
000806
002467
603730
600150
601988
002647
002537
603977
002957
002837
600379
002722
601155
002004
601010
002037
600062
002075
600101
600820
600505
600799
000570
002020
603508
000927
000988
600010
000861
002240
600642
600896
603992
000090
002364
002191
000661
002629
601113
603936
600628
603898
000046
000837
002685
000406
000763
000816
002856
601857
000600
600638
002176
002695
000866
002143
000795
601890
000632
603188
600933
000563
600805
000651
000776
002625
002842
002208
600961
000561
600357
002931
000659
603131
000790
601058
600868
600588
603969
002648
600098
000961
603477
002358
600267
603166
002273
002002
002064
000799
603269
601206
002278
002077
600650
000532
600647
603666
600981
600354
002623
000850
002217
603618
600282
002079
600900
002293
002138
002207
002062
000038
000931
600398
600769
600093
600498
600848
601669
000593
000541
600999
000890
002149
600826
603289
002188
600567
002046
002161
603299
603327
002497
601018
600502
603399
600317
603650
000888
000900
000657
000892
600403
600792
600056
600958
002634
603313
603085
038016
600331
600420
002352
600123
002302
603030
002120
600606
002948
000759
002248
600373
000995
000923
002082
002845
600132
600257
600060
600824
601789
002029
002177
603991
002274
002078
603167
000856
002477
000333
002650
600092
603222
000522
000639
000983
603566
600832
600145
002025
600085
603881
002687
688009
000999
603228
600908
601199
002279
002677
000612
002605
002631
601169
603516
002125
002338
603358
002033
603703
600229
603232
603727
600026
000533
603367
600764
600831
603068
000048
002076
002347
601519
000503
603214
002811
600089
600962
000911
603690
002030
002946
002420
001896
002839
600076
600960
000916
600104
002226
600322
600847
600998
002318
002832
002386
600703
000972
600886
002090
600070
002199
000819
002474
600708
600855
601108
600842
002508
002220
603333
002919
002524
002915
000530
600289
002173
601689
002129
603227
002632
600355
600878
002290
600785
002733
000979
002649
002481
002147
600561
601558
002144
601579
002718
002726
000521
002067
001979
002457
603337
000832
000506
002403
000338
600929
002228
600071
000851
000982
603039
000936
002258
002633
002576
600184
600617
002818
600079
002224
002653
002907
002368
600084
600897
601007
002920
603679
600131
600170
000538
002511
603008
600151
002847
603955
600661
600371
603602
000959
600689
000068
000667
603444
002604
002488
000707
002878
002902
603383
600477
000625
031007
000586
002009
002249
600459
600990
603496
601198
000428
600231
000652
000663
000679
603089
600558
000531
002238
002748
601969
000166
600618
601116
600097
002736
002683
000968
002384
600822
601099
600853
601699
000658
601200
002267
600262
600697
000407
600350
000782
600653
002182
002440
603360
603696
603335
002413
000820
002024
002032
000589
601390
000159
000672
002619
600293
600518
600121
601636
600392
600368
600461
002069
002951
603657
600008
600545
002519
002560
002739
603633
002721
002716
002028
000852
002172
600775
600200
002193
600506
603011
600610
002544
600213
002787
603301
000711
000811
600667
603681
002859
600603
603116
601211
600343
002575
603608
603858
002776
603856
601928
002943
601952
002852
603797
002328
002696
000960
600557
000410
002221
600191
002170
002940
600840
002789
600556
000692
002371
603115
600497
601117
000040
600766
000666
002106
600512
000757
600620
002569
002233
603106
600607
603676
000566
002178
600209
600589
601996
002375
603066
002517
600035
600608
600861
600882
600399
002137
002232
002692
002868
002939
600584
002514
002853
600223
600276
000059
000567
600187
002043
002810
002877
002809
600067
002206
600259
600462
000572
600360
000423
002162
002383
002445
603036
600887
603636
600080
002237
002871
000560
600215
600590
600899
600048
000836
603960
000863
000991
603779
002380
603037
000910
002285
002050
600002
002340
002827
603906
002322
600919
600863
000953
601606
002705
600666
600928
600992
603929
002157
603181
000636
600243
600892
002146
002331
600467
000100
002850
002496
600880
000417
002366
600051
603806
000817
600787
600757
002360
600662
002932
601866
603309
603218
000582
000815
000761
038014
002808
600433
000637
000016
601138
601877
603032
002256
600796
603050
002929
603916
000403
600363
600645
002491
600986
600221
600644
603233
000928
002304
603319
603867
603990
603298
603079
600326
002900
600249
688333
603033
600500
600507
002385
600120
000796
002310
600302
601788
601698
603217
000803
002543
600321
600614
000573
603587
603937
002159
603256
600552
603661
002645
000948
000050
000635
002770
603556
000620
002740
002210
002329
600372
002299
600570
000778
002528
002027
603589
000622
002622
002728
002863
600432
603822
000709
600340
600634
002007
603059
002956
603200
600673
000045
600839
002388
600750
600327
603968
002235
603225
600017
002253
600781
002466
002550
603389
600116
600800
600830
603908
001696
002542
000550
600114
002390
002154
601678
002751
002815
002669
002590
002838
601311
600061
000001
002840
000813
600152
001965
002344
002588
603185
000889
002825
600488
002675
002140
603577
601328
600419
000868
002313
603689
000673
000862
002758
002937
002485
600409
002169
601886
600759
600841
002367
600439
603963
600665
002884
000756
600039
603901
000875
038017
000588
600050
603922
600789
600117
002289
002317
603938
600709
603869
002795
002213
002263
002535
002768
601668
603596
000998
600126
603277
600522
002307
002280
600569
600641
600732
600491
002636
002851
000687
600081
600318
600199
002011
600909
603728
600679
603615
002487
002710
600210
603499
600069
603363
002468
002826
603028
600158
002836
600625
600997
600668
603680
000897
600160
601872
603569
002886
000628
002780
600510
601998
603456
601985
603607
000767
002665
603239
603385
002348
002714
600852
603136
002425
002750
600222
000971
603527
600096
600376
600143
600813
002018
002796
000564
600099
603139
600205
601965
000975
600582
600277
002301
600356
002438
600335
600968
000039
002557
000878
002227
000413
603183
603517
002405
600615
600537
600309
002399
002615
603668
002231
600630
002303
601858
601368
002463
000726
002446
600565
000527
600004
000019
603918
603619
000858
002697
600263
002222
002423
000411
600869
600386
002158
601777
600278
000981
002391
003816
002136
601908
603567
000722
600857
600349
600677
603268
002049
600762
600858
002906
600094
600735
002959
600509
000511
600240
000549
601999
000627
000886
600377
002548
002831
002454
002096
002684
603179
002126
002661
002257
600483
600218
000903
600669
002595
601607
603339
000780
601968
600856
603379
603178
600729
002337
600779
601808
002802
600448
000957
002936
601865
600068
601298
002429
603005
688033
600178
600652
603321
603041
600707
002822
000798
002821
600275
002799
600499
002527
002008
601011
000547
603098
601088
600346
002538
600193
600418
002408
600472
000755
601233
688116
002880
600593
603043
603838
603767
000595
002266
600458
603885
600651
603617
002065
600362
688003
603590
601009
002242
600583
000012
002187
000762
600345
601898
603009
000655
000949
600130
002355
000602
000951
002308
600786
002772
688029
002790
603118
002041
002762
688007
603500
600058
600600
600633
603042
002724
000505
000681
603538
002448
600594
600248
002417
002462
601878
603896
000768
600873
000826
002743
002805
000668
000401
600700
002599
002239
600235
603600
600631
600739
603699
002857
600375
600540
603110
000783
603355
002381
600971
600115
000791
002580
603019
600258
600598
601366
601177
603238
000157
000507
601086
603278
688088
002099
603800
600307
002351
601598
601619
600572
002945
002361
603506
002225
600252
002272
601021
002828
600320
688005
002061
002117
600699
603018
000698
603316
002039
600748
002186
603101
000404
600581
601688
002591
603488
002760
000938
603568
603766
600658
002013
600176
600744
000690
000909
002309
002465
600519
600549
000526
000010
600611
600301
600867
603267
000488
002306
601377
000514
600298
000587
603069
600266
601666
000028
688022
600513
002587
002546
600807
603331
600624
603199
601882
603326
601599
600393
600984
601111
600167
002311
600890
002593
600255
000535
002277
002912
603722
000529
002378
002251
603013
600973
600389
002168
000027
002489
002201
600196
603088
600825
600487
002618
002671
603588
600495
002365
603920
600797
600503
600587
600749
600573
603311
002498
600602
002516
603330
002553
002693
002702
600578
600860
603387
603829
002034
600332
002824
002922
600693
688020
600296
002579
603351
002555
600595
600563
603768
600864
002362
603100
600227
600391
688122
002406
002600
002545
000035
002534
002547
002668
603985
000969
002424
002930
603866
002053
002691
600339
000917
002747
600271
603887
603366
002896
002927
002889
603260
000552
002773
600801
600889
002071
603128
600696
002056
603583
000043
002209
000034
000015
002708
000727
600133
600893
600438
002713
002786
002038
002490
603662
002635
000020
000675
000993
000556
002767
000581
000935
601019
600468
600844
000534
000545
002921
002793
000065
002551
600993
002624
600543
600284
600337
600128
600316
601567
600273
000520
600818
002211
002908
600387
600481
002142
603063
600253
002111
002715
002699
601966
002882
600369
600698
000022
601869
600190
000802
603758
002286
002662
002681
600323
000153
002515
000584
601918
600649
600969
