603392 8
002397 9
002415 3
002980 46
600217 1
600519 12
002185 3
600010 5
600481 1
603528 1
000727 1
002604 3
002642 1
002400 9
000987 2
000532 3
600795 1
002256 3
000651 1
600811 2
000408 1
600721 2
000802 1
002129 7
600289 2
002220 12
002176 4
601177 2
603598 2
002719 3
000792 4
603777 2
000540 3
600978 5
600456 2
002307 2
002104 3
002074 7
601778 6
600989 2
000963 4
002303 2
603019 4
002550 2
603090 3
000729 2
603707 1
002520 1
002317 1
601916 15
000533 15
601899 1
002326 1
600571 2
002447 3
000413 4
000519 2
002151 1
002217 3
002506 18
002581 14
600093 3
002731 2
603053 1
600485 8
600881 5
601117 1
002533 3
601827 5
002467 1
600918 10
002896 3
000425 1
600438 2
601669 1
002371 1
002990 3
688588 1
000541 5
605288 2
600967 2
603982 2
600589 3
600031 2
600584 1
002603 11
002698 1
002515 2
601908 1
002083 6
002154 3
601162 2
688365 3
002118 1
002224 1
000830 1
600830 1
000908 1
000971 1
601900 1
002297 1
603799 2
002450 2
600095 9
601360 8
002986 3
000426 2
002315 1
603773 1
600891 7
600816 2
002551 1
000732 2
603328 2
600739 1
601111 2
600225 1
600690 1
600226 2
002987 2
603618 1
603083 2
600641 1
601600 1
002835 1
600522 2
000606 2
000631 1
600686 1
600701 3
002702 2
600556 1
600645 2
600518 7
600028 1
601857 1
600555 1
000607 1
600696 1
000564 5
002985 4
000839 1
600789 1
603661 1
002065 9
000587 1
600198 1
600069 4
600228 1
000665 1
600146 2
002263 4
600215 2
002606 1
600381 1
000806 2
600255 2
600879 1
603717 1
600900 1
600887 1
002979 2
600728 4
603421 1
002385 1
002205 1
601919 2
002576 1
000652 1
002426 4
600610 2
600178 1
600606 4
600157 2
600175 4
603386 1
000557 3
002313 2
600773 1
600459 1
002436 2
002087 1
600880 3
002981 2
601609 3
600371 1
000016 3
600734 1
002152 3
000338 1
000019 1
601700 1
002338 2
002970 1
002260 2
601088 1
002755 2
002409 1
002280 1
002239 1
002007 4
002470 2
002030 3
000928 1
600110 1
601077 1
600520 1
600336 1
600315 1
002020 1
600503 2
002192 1
600703 3
000410 2
603829 1
002169 1
002059 1
601163 2
000610 1
000993 1
002655 1
600467 1
002310 1
600291 3
002850 1
600802 1
600359 1
002299 2
600409 1
002223 1
002252 2
002110 1
600418 4
600196 3
603027 1
000063 2
000735 1
603986 2
601208 1
000551 2
600127 2
000038 1
002460 1
000066 1
000903 3
600182 1
000898 1
000585 1
002204 3
000789 1
600566 1
000932 1
000609 3
600015 1
002077 2
600267 1
002418 1
603444 1
603590 1
603949 1
000701 1
000627 1
002410 1
002241 1
002503 1
000973 1
600249 1
600622 1
002588 1
600667 2
000758 1
002261 1
000820 2
000807 1
600290 4
002488 1
002300 1
002567 1
600408 1
000546 1
600962 1
002518 1
601558 3
600183 1
600030 1
002452 1
002230 3
002822 1
002122 2
002183 1
603337 1
000836 1
603323 1
002123 1
688126 2
600624 1
002276 1
000158 1
603686 1
000523 2
000403 1
600527 1
600634 1
600858 2
600565 1
600580 1
603220 1
600614 2
600329 2
600837 1
600166 1
603458 1
603466 1
002505 2
002120 1
002049 2
000659 1
002046 3
002390 1
000829 1
601236 1
601918 1
603815 1
600636 1
603439 2
600233 1
002776 1
002214 1
600057 1
603116 1
600111 1
002668 1
600662 2
600410 1
603997 1
600007 1
002961 1
002665 1
000593 1
603948 1
600834 1
600339 1
600928 1
000528 1
603660 2
600745 2
002965 1
600247 1
002057 2
601990 1
002662 1
600185 1
002089 1
000837 2
000090 1
002008 1
600704 1
002554 1
600635 1
688012 1
600131 1
000661 1
601777 1
002640 1
601718 1
600000 1
000590 1
000962 1
601179 1
688111 1
600143 2
002361 1
600009 1
600621 1
002661 2
000922 1
600867 1
002411 1
002180 2
603885 1
002526 1
002071 2
000568 1
000400 1
600870 1
600639 1
002195 3
600089 1
600311 1
002582 2
600868 2
002367 1
002382 1
688177 1
600360 1
002291 1
000620 1
600831 2
688288 1
603515 1
600449 2
002889 1
600235 1
601890 1
002577 1
600052 1
601066 1
002134 1
002498 1
688051 1
600348 1
000766 1
603036 1
601012 1
601988 1
603900 1
000333 1
002983 1
603858 1
000683 1
603309 1
002926 1
600770 1
000851 1
603126 1
002015 1
600865 1
601011 1
600999 1
600603 1
002302 1
002281 1
600318 1
600400 1
002725 1
600083 1
600273 1
600537 1
002927 1
002368 1
600570 1
601006 1
605001 1
002917 1
600048 1
601601 1
000420 1
603037 1
002638 1
002376 1
600462 1
002711 1
002396 1
002650 1
000592 1
603912 1
000790 1
601377 1
603012 1
000927 1
002517 1
600260 1
000612 1
601668 1
002439 1
002054 1
002930 1
603579 1
002271 1
002980 44
600290 7
002243 1
600868 1
600309 1
600079 1
600891 9
002023 1
002582 2
600175 2
603699 1
600289 2
002400 14
600026 1
002941 1
000953 1
002581 15
600083 3
000802 2
002217 2
600199 1
000509 1
600410 2
600212 1
601212 2
002241 1
002603 20
002506 23
002397 8
000561 3
000510 1
002450 6
600606 5
600831 1
600519 5
002308 1
002499 1
603392 11
002443 2
000938 1
000016 3
002074 8
600518 2
603339 1
002596 1
002065 20
000955 2
000732 3
000032 1
601916 15
000533 15
600260 2
002990 4
600804 1
600352 1
601718 1
600438 1
600696 1
002229 1
000735 6
601398 2
002148 1
600599 1
600166 4
600570 1
002175 1
000564 8
000001 1
600704 1
002604 1
603948 1
002532 1
002896 5
601005 3
600589 4
002642 1
002458 1
603195 1
600777 1
000063 3
000903 3
600865 1
600268 3
002134 2
603286 1
002570 1
603444 1
603888 1
600381 1
002527 2
000017 1
601288 1
002027 1
600375 1
600498 2
000831 2
600122 2
002985 5
002230 2
002719 2
600745 4
002026 1
600068 3
002351 1
600319 1
000536 1
002640 1
002185 1
688101 1
603439 1
601860 1
600858 1
000040 1
600143 3
603585 1
600146 2
002411 2
000963 1
600816 2
600634 2
600705 1
000069 2
002926 4
002693 1
000559 2
002127 1
603986 1
601179 2
002732 1
600115 2
000541 2
002077 1
600516 1
600692 2
002254 1
603393 1
002046 2
600556 2
600185 2
002183 1
000622 1
600739 2
600539 1
000587 2
601366 2
002279 1
600435 1
605168 4
600275 1
002515 1
002661 1
002970 1
000333 1
002264 1
600479 2
000090 1
000962 1
603568 1
002161 2
601360 13
002125 1
600797 2
600712 2
600585 1
600082 3
600360 4
000029 1
600050 1
600690 2
600226 3
000700 2
000987 1
000591 1
600771 1
601678 1
600090 1
603949 1
002136 1
603988 1
603019 1
000687 1
002680 1
002416 1
002646 1
600127 2
002396 1
603799 1
000868 1
600380 1
000520 1
000936 2
600456 2
688233 1
600005 1
600881 5
601816 1
600329 1
002195 1
002260 1
603726 1
000555 1
601609 3
002382 1
601933 1
688399 1
603005 3
600280 2
600010 3
000973 1
600051 1
600348 1
600662 2
601990 1
601558 1
688126 3
002701 2
603608 1
000691 2
000661 1
002496 1
002157 2
000651 3
601975 2
000425 1
002717 1
601827 5
002307 3
000609 4
000005 1
601865 1
002662 2
000100 2
000677 1
002235 1
600246 1
600751 1
600159 1
600778 1
000652 3
000806 2
002679 1
000709 2
002402 2
600568 1
600123 3
600584 2
601985 1
603858 2
600063 1
002177 2
600141 2
600485 6
002437 2
601919 3
688365 1
002560 2
600657 1
000995 1
600893 1
603328 1
000411 1
600111 1
600497 1
603815 1
002466 2
603950 1
002106 1
000419 1
600615 1
002321 1
603021 1
601186 1
603157 2
002220 5
603682 1
000066 1
000988 1
601778 6
000698 1
603389 1
000676 3
600418 2
600267 4
002057 2
000982 2
002083 2
601866 1
600066 1
000568 1
002916 1
600459 2
000597 1
002129 1
600239 1
000898 1
600234 1
601872 1
000423 1
601607 1
601311 1
002986 1
002567 3
603113 1
002354 1
000620 2
002022 1
002178 1
000402 1
002013 1
000705 1
000790 1
002779 3
600655 1
000551 1
002600 1
600677 2
688036 2
002522 1
601228 3
002116 1
002451 1
002214 2
002505 1
600888 2
000723 1
601018 3
002605 1
600030 2
000616 1
688088 1
000996 1
601577 1
002447 2
002486 2
000625 1
000858 2
601857 2
002272 1
601588 1
600118 1
002498 1
603353 3
000839 2
600071 1
002204 2
000799 1
000049 1
002089 2
002050 1
600113 1
603118 1
002158 1
002869 1
603138 1
600462 1
600781 1
002472 1
002415 1
601330 1
002917 1
601258 1
601777 2
002369 1
603501 1
002750 1
000818 1
600880 2
600512 1
600580 1
603348 1
002072 1
603002 1
002983 2
600812 1
600986 1
002684 1
601789 2
002584 2
600918 3
000776 1
000785 1
000639 1
002456 1
601162 1
002462 1
600795 1
600073 1
000037 1
000590 1
600834 1
002878 2
600182 1
603121 1
603023 1
603866 1
603766 1
600710 1
600490 1
600487 1
002252 1
601377 2
603929 1
603109 1
000851 1
603895 1
600356 1
000532 1
600408 1
002316 2
600802 1
600895 1
002770 1
002606 1
002756 1
688288 1
600637 2
000415 1
600107 1
605001 1
000731 3
601801 1
600011 1
603551 1
603688 1
002115 1
000612 2
600826 1
002180 1
601880 1
600036 1
600158 1
600887 3
000557 1
002982 1
601006 1
603535 1
000711 1
601618 1
000650 1
002981 1
002436 1
600084 1
600346 1
603238 1
000876 1
000862 1
002263 1
002977 1
600362 1
000927 1
000933 1
002385 1
000792 1
603000 1
600623 1
002761 1
600070 1
601699 1
600057 1
000672 1
600312 1
002277 1
600276 1
603078 1
002601 1
600359 1
002152 1
000795 1
002007 2
002475 1
600409 1
600069 1
600978 1
002961 1
603290 1
600811 1
603803 1
600099 1
688037 1
605288 1
600520 1
000513 1
601598 1
600089 1
002656 1
601168 1
600727 1
002118 1
603012 1
002299 1
002412 1
000021 1
600728 1
000403 1
603212 1
002959 1
600667 1
002594 2
000970 1
600527 1
000554 1
002672 1
603301 1
600208 1
002463 1
002489 1
000048 1
601038 1
603693 1
000852 1
000908 1
002328 1
603116 1
600241 1
600396 1
603156 1
603886 1
002503 1
600706 1
601606 1
600470 1
