0 1.99285
0 2.75117
0 2.83711
0 2.81324
0 2.79887
0 2.71594
0 2.73299
0 2.74575
0 2.86152
0 2.78571
0 2.75092
0 2.6726
0 2.77698
0 3.06117
0 3.08972
0 2.97683
0 2.80845
0 2.73099
0 2.71532
0 2.66974
0 2.61855
0 2.65411
0 2.9964
0 2.70337
0 2.55372
0 2.61216
0 2.62546
0 2.67358
0 2.71421
0 2.7051
0 2.69189
0 2.66552
0 2.82416
0 2.93108
0 2.70277
0 2.81985
0 2.8332
0 2.79602
0 2.92459
0 2.77506
0 2.77166
0 2.99238
0 2.9629
0 2.72585
0 2.58339
0 2.66797
0 2.75378
0 2.78165
0 2.78194
0 2.71579
1 2.16487
1 1.84294
1 1.98447
1 2.18957
1 1.89251
1 1.91087
1 1.86021
0 1.96494
1 1.97675
1 2.25456
0 2.48164
1 1.97894
1 2.23986
1 1.85609
0 2.09265
1 1.98763
1 1.91067
1 2.09156
1 2.02002
1 2.2108
1 1.88957
1 1.97806
1 1.90745
1 1.86227
1 1.90525
1 1.91428
1 1.95179
1 1.89961
1 1.79866
0 2.07503
1 2.35397
0 2.42148
1 2.14431
1 1.90521
1 1.98172
1 1.90459
1 1.90847
1 1.98612
1 2.03583
1 2.18146
1 2.08748
1 1.85145
1 2.06675
0 2.19918
1 2.09657
1 2.01994
1 1.99476
1 1.91012
0 1.92155
1 2.09098
2 1.96822
1 1.90072
2 1.62069
2 1.92674
2 1.78917
2 1.80138
1 2.28701
2 1.69271
2 1.8336
2 1.7839
1 1.90194
1 1.93048
2 1.73423
1 1.95602
1 2.05213
2 1.98193
2 1.84626
2 2.01818
2 2.05573
1 1.99154
2 1.69698
1 1.91708
2 1.89799
1 1.81489
2 1.72831
2 1.62777
1 1.77512
1 1.80966
2 1.88739
2 1.68415
2 1.66943
2 1.98628
2 1.89487
1 1.83917
1 2.06755
2 1.74246
2 1.98447
2 1.88928
1 1.78807
2 1.74822
2 1.78263
2 1.90993
1 1.8984
2 1.69595
2 1.80692
2 1.90587
1 1.88475
1 1.92486
2 2.07223
1 1.85535
